Keys: dict_keys(['__header__', '__version__', '__globals__', 'mu_prisparam', 'cov_prisparam'])

mu_prisparam: [[ 2.60131368  0.90570272  0.81204778  0.09042671  0.13873285  0.20603212
   0.81896917  0.06246176  0.15332711  0.19590549  0.82647245 -0.02552623
   0.18857452  0.16577625  0.82429094 -0.02536088  0.18723905  0.16505118
   2.96949403  0.96123352  0.84935145  0.08238297  0.16132155  0.22492399
   0.85894682  0.0550842   0.17530713  0.21712828  0.87207746 -0.03222065
   0.21548972  0.18821289  0.86939884 -0.03232601  0.21474491  0.18677778]]

cov_prisparam: [[ 4.53478102e-01  9.61011041e-02  8.27632429e-02 ... -6.85393286e-03
   4.13947338e-02  3.19159692e-02]
 [ 9.61011041e-02  3.71117101e-02  2.15529376e-02 ... -3.23382398e-03
   1.28765652e-02  9.59476188e-03]
 [ 8.27632429e-02  2.15529376e-02  1.77071288e-02 ... -1.63727553e-03
   8.99320623e-03  6.94348741e-03]
 ...
 [-6.85393286e-03 -3.23382398e-03 -1.63727553e-03 ...  2.78698695e-03
  -2.83206713e-03 -3.55635451e-04]
 [ 4.13947338e-02  1.28765652e-02  8.99320623e-03 ... -2.83206713e-03
   9.33443877e-03  6.14234154e-03]
 [ 3.19159692e-02  9.59476188e-03  6.94348741e-03 ... -3.55635451e-04
   6.14234154e-03  5.42249259e-03]]
