__header__:
b'MATLAB 5.0 MAT-file Platform: posix, Created on: Wed May 24 21:55:37 2017'

__version__:
1.0

__globals__:
[]

pop_cov:
[[ 0.92739219  0.08855466  0.11219393 ... -0.01424186  0.0865559
   0.0865559 ]
 [ 0.08855466  0.02954837  0.01857056 ... -0.00215978  0.01336822
   0.01336822]
 [ 0.11219393  0.01857056  0.01913725 ... -0.00181209  0.01241249
   0.01241249]
 ...
 [-0.01424186 -0.00215978 -0.00181209 ...  0.00159579 -0.00275817
  -0.00275817]
 [ 0.0865559   0.01336822  0.01241249 ... -0.00275817  0.01339338
   0.01339338]
 [ 0.0865559   0.01336822  0.01241249 ... -0.00275817  0.01339338
   0.01339338]]

pop_mu:
[[ 2.90644826  0.99124151  0.8672848   0.03376683  0.19129863  0.24063452
   0.86300137  0.04657284  0.18025916  0.24803151  0.8646946  -0.02502171
   0.23461499  0.23461499  0.86434707 -0.02441151  0.23393935  0.23393935
   3.09308425  1.00538772  0.88748947  0.02783883  0.20596017  0.24628655
   0.87989057  0.04037348  0.19347163  0.25218887  0.88415156 -0.02613703
   0.24538536  0.24538536  0.88428617 -0.02654089  0.24574853  0.24574853]]

